[gd_scene load_steps=2 format=3 uid="uid://ddcugicxle0pt"]

[ext_resource type="PackedScene" uid="uid://budpoagrxxpnv" path="res://Scenes/Packed Scenes/fourTreeCluster.tscn" id="1_r4y6l"]

[node name="allTreeForest" type="Node3D"]

[node name="trees23" parent="." instance=ExtResource("1_r4y6l")]
transform = Transform3D(-0.810883, -0.000180539, -0.585209, -0.000197782, 1, -3.44359e-05, 0.585209, 8.78023e-05, -0.810883, 11.9428, -1.29709, 23.3791)

[node name="trees23" parent="trees23" instance=ExtResource("1_r4y6l")]
transform = Transform3D(-0.810883, -0.000180539, -0.585209, -0.000197782, 1, -3.44358e-05, 0.585209, 8.78023e-05, -0.810883, 9.86515, -0.954971, -25.961)

[node name="trees11" parent="." instance=ExtResource("1_r4y6l")]
transform = Transform3D(0.307504, -5.832e-05, -0.951547, -8.63605e-05, 1, -8.91866e-05, 0.951547, 0.000109595, 0.307504, -19.5704, -2.21812, 35.3345)

[node name="trees12" parent="." instance=ExtResource("1_r4y6l")]
transform = Transform3D(0.998993, -5.832e-05, -0.0448596, 5.33337e-05, 1, -0.000112107, 0.0448595, 0.000109595, 0.998993, -32.7317, -0.211056, 25.661)

[node name="trees13" parent="." instance=ExtResource("1_r4y6l")]
transform = Transform3D(-0.810883, -0.000180539, -0.585209, -0.000197782, 1, -3.44359e-05, 0.585209, 8.78023e-05, -0.810883, -30.0298, -0.268419, 15.7344)

[node name="trees14" parent="." instance=ExtResource("1_r4y6l")]
transform = Transform3D(0.264508, -0.000180539, -0.964383, -3.69407e-05, 1, -0.000197329, 0.964383, 8.78023e-05, 0.264508, -32.6341, -0.348359, 3.54308)

[node name="trees15" parent="." instance=ExtResource("1_r4y6l")]
transform = Transform3D(-0.676569, -0.000124104, -0.736379, -8.63605e-05, 1, -8.91866e-05, 0.736379, 3.24074e-06, -0.676569, 26.9046, -1.21521, 10.9314)

[node name="trees16" parent="." instance=ExtResource("1_r4y6l")]
transform = Transform3D(0.453117, -0.000124104, -0.891451, 5.33337e-05, 1, -0.000112107, 0.891451, 3.24074e-06, 0.453117, 27.6134, -1.31208, -2.93549)

[node name="trees17" parent="." instance=ExtResource("1_r4y6l")]
transform = Transform3D(-0.908747, -0.000165351, 0.417348, -0.000197782, 1, -3.44359e-05, -0.417348, -0.000113854, -0.908747, 35.6172, -0.291239, -9.71729)

[node name="trees18" parent="." instance=ExtResource("1_r4y6l")]
transform = Transform3D(-0.708922, -0.000165351, -0.705287, -3.69407e-05, 1, -0.000197329, 0.705287, -0.000113854, -0.708922, 48.1285, -2.20522, -16.0976)

[node name="trees19" parent="." instance=ExtResource("1_r4y6l")]
transform = Transform3D(-0.895151, -3.75378e-05, 0.445763, -8.63605e-05, 1, -8.91866e-05, -0.445763, -0.000118336, -0.895151, 10.0698, -2.16235, -31.983)

[node name="trees20" parent="." instance=ExtResource("1_r4y6l")]
transform = Transform3D(-0.730784, -3.75379e-05, -0.682609, 5.33337e-05, 1, -0.000112107, 0.682609, -0.000118336, -0.730784, 27.9944, -1.24151, -33.7793)

[node name="trees21" parent="." instance=ExtResource("1_r4y6l")]
transform = Transform3D(0.148901, 6.35209e-05, 0.988852, -0.000197782, 1, -3.44359e-05, -0.988852, -0.000190443, 0.148901, 32.325, -2.63327, -29.3399)

[node name="trees22" parent="." instance=ExtResource("1_r4y6l")]
transform = Transform3D(-0.874253, 6.35209e-05, 0.48547, -3.69407e-05, 1, -0.000197329, -0.48547, -0.000190443, -0.874253, 42.286, -1.23001, -18.7559)

[node name="trees33" parent="." instance=ExtResource("1_r4y6l")]
transform = Transform3D(-0.708922, -0.000165351, -0.705287, -3.69407e-05, 1, -0.000197329, 0.705287, -0.000113854, -0.708922, 54.5195, -2.20522, -24.4666)

[node name="trees34" parent="." instance=ExtResource("1_r4y6l")]
transform = Transform3D(-0.874253, 6.35209e-05, 0.48547, -3.69407e-05, 1, -0.000197329, -0.48547, -0.000190443, -0.874253, 48.677, -1.23001, -27.1249)

[node name="trees" parent="." instance=ExtResource("1_r4y6l")]
transform = Transform3D(1, 0, 0, 0, 1, 0, 0, 0, 1, 0, -0.115624, 0)

[node name="trees2" parent="." instance=ExtResource("1_r4y6l")]
transform = Transform3D(-0.362692, -0.0108653, 0.931846, 0.0151935, 0.99973, 0.0175705, -0.931785, 0.0205307, -0.362429, -5.26328, -0.283056, 1.07371)

[node name="trees3" parent="." instance=ExtResource("1_r4y6l")]
transform = Transform3D(-0.870063, 0, -0.49294, 0, 1, 0, 0.49294, 0, -0.870063, -8.31527, -1.09003, -38.7272)

[node name="trees4" parent="." instance=ExtResource("1_r4y6l")]
transform = Transform3D(1, 0, 0, 0, 1, 0, 0, 0, 1, -14.0983, -2.22638, -30.837)

[node name="trees5" parent="." instance=ExtResource("1_r4y6l")]
transform = Transform3D(-0.393252, 0, 0.919431, 0, 1, 0, -0.919431, 0, -0.393252, -15.9874, -0.223751, -6.5608)

[node name="trees6" parent="." instance=ExtResource("1_r4y6l")]
transform = Transform3D(-0.46512, 0, -0.885248, 0, 1, 0, 0.885248, 0, -0.46512, -16.1322, -0.180757, -28.9127)

[node name="trees7" parent="." instance=ExtResource("1_r4y6l")]
transform = Transform3D(1, 0, 0, 0, 1, 0, 0, 0, 1, 9.57912, -1.1006, 32.3517)

[node name="trees8" parent="." instance=ExtResource("1_r4y6l")]
transform = Transform3D(0.34988, 0, 0.936794, 0, 1, 0, -0.936794, 0, 0.34988, 0.872511, -1.23715, 43.3713)

[node name="trees9" parent="." instance=ExtResource("1_r4y6l")]
transform = Transform3D(0.307504, -5.832e-05, -0.951547, -8.63605e-05, 1, -8.91867e-05, 0.951547, 0.000109595, 0.307504, -12.2988, -1.99895, 39.9063)

[node name="trees10" parent="." instance=ExtResource("1_r4y6l")]
transform = Transform3D(0.998993, -5.832e-05, -0.0448596, 5.33337e-05, 1, -0.000112107, 0.0448596, 0.000109595, 0.998993, -24.6837, -1.84941, 35.01)

[node name="trees24" parent="." instance=ExtResource("1_r4y6l")]
transform = Transform3D(1, 0, 0, 0, 1, 0, 0, 0, 1, -5.34949, -1.1006, 32.3517)

[node name="trees28" parent="." instance=ExtResource("1_r4y6l")]
transform = Transform3D(-0.810883, -0.000180539, -0.585209, -0.000197782, 1, -3.44359e-05, 0.585209, 8.78023e-05, -0.810883, 11.9428, -2.16215, 42.1575)

[node name="trees23" parent="trees28" instance=ExtResource("1_r4y6l")]
transform = Transform3D(-0.810883, -0.000180539, -0.585209, -0.000197782, 1, -3.44358e-05, 0.585209, 8.78023e-05, -0.810883, 9.86515, -0.954971, -25.961)

[node name="trees29" parent="." instance=ExtResource("1_r4y6l")]
transform = Transform3D(-0.676569, -0.000124104, -0.736379, -8.63605e-05, 1, -8.91866e-05, 0.736379, 3.24074e-06, -0.676569, 26.9046, -2.34343, 29.7098)

[node name="trees30" parent="." instance=ExtResource("1_r4y6l")]
transform = Transform3D(0.453117, -0.000124104, -0.891451, 5.33337e-05, 1, -0.000112107, 0.891451, 3.24074e-06, 0.453117, 24.6807, -1.23117, 15.843)

[node name="trees35" parent="." instance=ExtResource("1_r4y6l")]
transform = Transform3D(-0.676569, -0.000124104, -0.736379, -8.63605e-05, 1, -8.91866e-05, 0.736379, 3.24074e-06, -0.676569, 34.53, -1.21521, 18.8883)

[node name="trees36" parent="." instance=ExtResource("1_r4y6l")]
transform = Transform3D(0.453117, -0.000124104, -0.891451, 5.33337e-05, 1, -0.000112107, 0.891451, 3.24074e-06, 0.453117, 32.3061, -1.23117, 23.7998)

[node name="trees37" parent="." instance=ExtResource("1_r4y6l")]
transform = Transform3D(-0.676569, -0.000124104, -0.736379, -8.63605e-05, 1, -8.91866e-05, 0.736379, 3.24074e-06, -0.676569, -31.2637, -1.20121, -32.8495)

[node name="trees38" parent="." instance=ExtResource("1_r4y6l")]
transform = Transform3D(0.453117, -0.000124104, -0.891451, 5.33337e-05, 1, -0.000112107, 0.891451, 3.24074e-06, 0.453117, -33.4876, -1.21717, -27.9379)

[node name="trees39" parent="." instance=ExtResource("1_r4y6l")]
transform = Transform3D(-0.916097, 0, 0.400957, 0, 1, 0, -0.400957, 0, -0.916097, -11.5503, -2.29551, -41.1832)

[node name="trees40" parent="." instance=ExtResource("1_r4y6l")]
transform = Transform3D(0.26702, 0, -0.963691, 0, 1, 0, 0.963691, 0, 0.26702, -26.9582, -2.25251, -57.3765)

[node name="trees41" parent="." instance=ExtResource("1_r4y6l")]
transform = Transform3D(0.0109758, -8.82419e-05, -0.99994, -8.63605e-05, 1, -8.91866e-05, 0.99994, 8.73251e-05, 0.0109758, -40.6829, -3.27297, -49.8869)

[node name="trees42" parent="." instance=ExtResource("1_r4y6l")]
transform = Transform3D(0.940578, -8.82419e-05, -0.339578, 5.33337e-05, 1, -0.000112107, 0.339578, 8.73251e-05, 0.940578, -38.9414, -3.28893, -44.7843)

[node name="trees31" parent="." instance=ExtResource("1_r4y6l")]
transform = Transform3D(1, 0, 0, 0, 1, 0, 0, 0, 1, 9.57912, -3.18412, 56.4664)

[node name="trees32" parent="." instance=ExtResource("1_r4y6l")]
transform = Transform3D(1, 0, 0, 0, 1, 0, 0, 0, 1, -5.34949, -1.96566, 51.1301)

[node name="trees25" parent="." instance=ExtResource("1_r4y6l")]
transform = Transform3D(0.34988, 0, 0.936794, 0, 1, 0, -0.936794, 0, 0.34988, -14.0561, -2.20121, 43.3713)

[node name="trees26" parent="." instance=ExtResource("1_r4y6l")]
transform = Transform3D(0.307504, -5.832e-05, -0.951547, -8.63605e-05, 1, -8.91867e-05, 0.951547, 0.000109595, 0.307504, -26.4494, -1.99895, 39.9063)

[node name="trees27" parent="." instance=ExtResource("1_r4y6l")]
transform = Transform3D(0.998993, -5.832e-05, -0.0448596, 5.33337e-05, 1, -0.000112107, 0.0448596, 0.000109595, 0.998993, -39.6123, -1.0823, 38.5021)

[node name="trees43" parent="." instance=ExtResource("1_r4y6l")]
transform = Transform3D(0.998993, -5.832e-05, -0.0448596, 5.33337e-05, 1, -0.000112107, 0.0448595, 0.000109595, 0.998993, -46.9703, -2.16203, 11.5117)

[node name="trees44" parent="." instance=ExtResource("1_r4y6l")]
transform = Transform3D(-0.810883, -0.000180539, -0.585209, -0.000197782, 1, -3.44359e-05, 0.585209, 8.78023e-05, -0.810883, -44.2684, -2.21939, 1.58515)

[node name="trees45" parent="." instance=ExtResource("1_r4y6l")]
transform = Transform3D(0.264508, -0.000180539, -0.964383, -3.69407e-05, 1, -0.000197329, 0.964383, 8.78023e-05, 0.264508, -46.8727, -2.29933, -10.6062)

[node name="trees46" parent="." instance=ExtResource("1_r4y6l")]
transform = Transform3D(0.998993, -5.832e-05, -0.0448596, 5.33337e-05, 1, -0.000112107, 0.0448596, 0.000109595, 0.998993, -38.9223, -3.80039, 20.8607)

[node name="trees47" parent="." instance=ExtResource("1_r4y6l")]
transform = Transform3D(0.998993, -5.832e-05, -0.0448596, 5.33337e-05, 1, -0.000112107, 0.0448596, 0.000109595, 0.998993, -53.8509, -3.03328, 24.3528)
